255 255 255 255 255   0   0 255 255   0   0 255 255 255 255 255
255 255 255 196 128 138   0 255 255   0 138 128 179 255 255 255
255 255 255 255   0 138 138  35  36 138 138   0 255 255 255 255
255 196 255 255   0 138 138 138 138 138 138   0 255 255 240 255
255 128   0   0 138  66   0  89  88   0  68 138   0   0 128 255
  0 138 138 138  66  78 255 255 255 255  77  68 138 138 138   0
  0   0 138 138   0 255 255 255 255 255 255   0 138 138   0   0
255 255  36 138  90 255 255 255 255 255 255  87 138  35 255 255
255 255  35 138  89 255 255 255 255 255 255  87 138  34 255 255
  0   0 138 138   0 255 255 255 255 255 255   0 138 138   0   0
  0 138 138 138  67  78 255 255 255 255  77  68 138 138 138   0
255 128   0   1 138  68   0  87  86   0  68 138   0   0 128 255
255 148 255 255   0 138 138 138 138 138 138   0 255 255 194 255
255 255 255 255   0 138 138  36  37 138 138   0 255 255 255 255
255 255 255 216 128 138   0 255 255   0 138 128 199 255 255 255
255 255 255 255 255   0   0 255 255   0   0 255 255 255 255 255
255 255 255 255 255   0   0 255 255   0   0 255 255 255 255 255
255 255 255 196 128 138   0 255 255   0 138 128 179 255 255 255
255 255 255 255   0 138 138  35  36 138 138   0 255 255 255 255
255 196 255 255   0 138 138 138 138 138 138   0 255 255 240 255
255 128   0   0 138  66   0  89  88   0  68 138   0   0 128 255
  0 138 138 138  66  78 255 255 255 255  77  68 138 138 138   0
  0   0 138 138   0 255 255 255 255 255 255   0 138 138   0   0
255 255  36 138  90 255 255 255 255 255 255  87 138  35 255 255
255 255  35 138  89 255 255 255 255 255 255  87 138  34 255 255
  0   0 138 138   0 255 255 255 255 255 255   0 138 138   0   0
  0 138 138 138  67  78 255 255 255 255  77  68 138 138 138   0
255 128   0   1 138  68   0  87  86   0  68 138   0   0 128 255
255 148 255 255   0 138 138 138 138 138 138   0 255 255 194 255
255 255 255 255   0 138 138  36  37 138 138   0 255 255 255 255
255 255 255 216 128 138   0 255 255   0 138 128 199 255 255 255
255 255 255 255 255   0   0 255 255   0   0 255 255 255 255 255
255 255 255 255 255   0   0 255 255   0   0 255 255 255 255 255
255 255 255 196 128 138   0 255 255   0 138 128 179 255 255 255
255 255 255 255   0 138 138  35  36 138 138   0 255 255 255 255
255 196 255 255   0 138 138 138 138 138 138   0 255 255 240 255
255 128   0   0 138  66   0  89  88   0  68 138   0   0 128 255
  0 138 138 138  66  78 255 255 255 255  77  68 138 138 138   0
  0   0 138 138   0 255 255 255 255 255 255   0 138 138   0   0
255 255  36 138  90 255 255 255 255 255 255  87 138  35 255 255
255 255  35 138  89 255 255 255 255 255 255  87 138  34 255 255
  0   0 138 138   0 255 255 255 255 255 255   0 138 138   0   0
  0 138 138 138  67  78 255 255 255 255  77  68 138 138 138   0
255 128   0   1 138  68   0  87  86   0  68 138   0   0 128 255
255 148 255 255   0 138 138 138 138 138 138   0 255 255 194 255
255 255 255 255   0 138 138  36  37 138 138   0 255 255 255 255
255 255 255 216 128 138   0 255 255   0 138 128 199 255 255 255
255 255 255 255 255   0   0 255 255   0   0 255 255 255 255 255

255 255 255 255 255   0   0 255 255   0   0 255 255 255 255 255
255 255 255 240 128 138   0 255 255   0 138 128 194 255 255 255
255 255 255 255   0 138 138  35  34 138 138   0 255 255 255 255
255 179 255 255   0 138 138 138 138 138 138   0 255 255 199 255
255 128   0   0 138  68   0  87  87   0  68 138   0   0 128 255
  0 138 138 138  68  77 255 255 255 255  77  68 138 138 138   0
  0   0 138 138   0 255 255 255 255 255 255   0 138 138   0   0
255 255  36 138  88 255 255 255 255 255 255  86 138  37 255 255
255 255  35 138  89 255 255 255 255 255 255  87 138  36 255 255
  0   0 138 138   0 255 255 255 255 255 255   0 138 138   0   0
  0 138 138 138  66  78 255 255 255 255  78  68 138 138 138   0
255 128   0   0 138  66   0  90  89   0  67 138   0   0 128 255
255 196 255 255   0 138 138 138 138 138 138   1 255 255 216 255
255 255 255 255   0 138 138  36  35 138 138   0 255 255 255 255
255 255 255 196 128 138   0 255 255   0 138 128 148 255 255 255
255 255 255 255 255   0   0 255 255   0   0 255 255 255 255 255
255 255 255 255 255   0   0 255 255   0   0 255 255 255 255 255
255 255 255 240 128 138   0 255 255   0 138 128 194 255 255 255
255 255 255 255   0 138 138  35  34 138 138   0 255 255 255 255
255 179 255 255   0 138 138 138 138 138 138   0 255 255 199 255
255 128   0   0 138  68   0  87  87   0  68 138   0   0 128 255
  0 138 138 138  68  77 255 255 255 255  77  68 138 138 138   0
  0   0 138 138   0 255 255 255 255 255 255   0 138 138   0   0
255 255  36 138  88 255 255 255 255 255 255  86 138  37 255 255
255 255  35 138  89 255 255 255 255 255 255  87 138  36 255 255
  0   0 138 138   0 255 255 255 255 255 255   0 138 138   0   0
  0 138 138 138  66  78 255 255 255 255  78  68 138 138 138   0
255 128   0   0 138  66   0  90  89   0  67 138   0   0 128 255
255 196 255 255   0 138 138 138 138 138 138   1 255 255 216 255
255 255 255 255   0 138 138  36  35 138 138   0 255 255 255 255
255 255 255 196 128 138   0 255 255   0 138 128 148 255 255 255
255 255 255 255 255   0   0 255 255   0   0 255 255 255 255 255
255 255 255 255 255   0   0 255 255   0   0 255 255 255 255 255
255 255 255 240 128 138   0 255 255   0 138 128 194 255 255 255
255 255 255 255   0 138 138  35  34 138 138   0 255 255 255 255
255 179 255 255   0 138 138 138 138 138 138   0 255 255 199 255
255 128   0   0 138  68   0  87  87   0  68 138   0   0 128 255
  0 138 138 138  68  77 255 255 255 255  77  68 138 138 138   0
  0   0 138 138   0 255 255 255 255 255 255   0 138 138   0   0
255 255  36 138  88 255 255 255 255 255 255  86 138  37 255 255
255 255  35 138  89 255 255 255 255 255 255  87 138  36 255 255
  0   0 138 138   0 255 255 255 255 255 255   0 138 138   0   0
  0 138 138 138  66  78 255 255 255 255  78  68 138 138 138   0
255 128   0   0 138  66   0  90  89   0  67 138   0   0 128 255
255 196 255 255   0 138 138 138 138 138 138   1 255 255 216 255
255 255 255 255   0 138 138  36  35 138 138   0 255 255 255 255
255 255 255 196 128 138   0 255 255   0 138 128 148 255 255 255
255 255 255 255 255   0   0 255 255   0   0 255 255 255 255 255

255 255 255 243 165  66 114 242 242 114  66 165 243 255 255 255
255 255 255 163  37 104  71 149 149  71 104  37 165 255 255 255
255 255 255 198  47 138 119  86  86 119 138  46 199 255 255 255
242 162 197 143  54 138 125  95  95 125 138  56 137 190 157 242
165  37  47  54 119  83  56 105 105  56  83 120  58  51  40 165
 66 104 138 138  83 113 230 254 254 230 113  83 138 138 104  66
114  71 119 125  56 230 255 255 255 255 230  55 125 119  71 114
242 150  86  95 105 254 255 255 255 255 254 105  95  86 149 242
242 149  86  95 105 254 255 255 255 255 254 105  95  86 149 242
114  71 119 125  56 230 255 255 255 255 230  55 125 119  71 114
 66 104 138 138  83 113 230 254 254 230 113  83 138 138 104  66
165  36  43  51 117  83  56 105 105  55  83 119  54  47  37 165
243 168 205 150  53 138 125  95  95 125 138  54 143 198 163 243
255 255 255 197  47 138 119  86  86 119 138  47 198 255 255 255
255 255 255 161  38 104  71 149 149  71 104  37 163 255 255 255
255 255 255 242 165  66 114 242 242 114  66 165 243 255 255 255
255 255 255 243 165  66 114 242 242 114  66 165 243 255 255 255
255 255 255 163  37 104  71 149 149  71 104  37 165 255 255 255
255 255 255 198  47 138 119  86  86 119 138  46 199 255 255 255
242 162 197 143  54 138 125  95  95 125 138  56 137 190 157 242
165  37  47  54 119  83  56 105 105  56  83 120  58  51  40 165
 66 104 138 138  83 113 230 254 254 230 113  83 138 138 104  66
114  71 119 125  56 230 255 255 255 255 230  55 125 119  71 114
242 150  86  95 105 254 255 255 255 255 254 105  95  86 149 242
242 149  86  95 105 254 255 255 255 255 254 105  95  86 149 242
114  71 119 125  56 230 255 255 255 255 230  55 125 119  71 114
 66 104 138 138  83 113 230 254 254 230 113  83 138 138 104  66
165  36  43  51 117  83  56 105 105  55  83 119  54  47  37 165
243 168 205 150  53 138 125  95  95 125 138  54 143 198 163 243
255 255 255 197  47 138 119  86  86 119 138  47 198 255 255 255
255 255 255 161  38 104  71 149 149  71 104  37 163 255 255 255
255 255 255 242 165  66 114 242 242 114  66 165 243 255 255 255
255 255 255 243 165  66 114 242 242 114  66 165 243 255 255 255
255 255 255 163  37 104  71 149 149  71 104  37 165 255 255 255
255 255 255 198  47 138 119  86  86 119 138  46 199 255 255 255
242 162 197 143  54 138 125  95  95 125 138  56 137 190 157 242
165  37  47  54 119  83  56 105 105  56  83 120  58  51  40 165
 66 104 138 138  83 113 230 254 254 230 113  83 138 138 104  66
114  71 119 125  56 230 255 255 255 255 230  55 125 119  71 114
242 150  86  95 105 254 255 255 255 255 254 105  95  86 149 242
242 149  86  95 105 254 255 255 255 255 254 105  95  86 149 242
114  71 119 125  56 230 255 255 255 255 230  55 125 119  71 114
 66 104 138 138  83 113 230 254 254 230 113  83 138 138 104  66
165  36  43  51 117  83  56 105 105  55  83 119  54  47  37 165
243 168 205 150  53 138 125  95  95 125 138  54 143 198 163 243
255 255 255 197  47 138 119  86  86 119 138  47 198 255 255 255
255 255 255 161  38 104  71 149 149  71 104  37 163 255 255 255
255 255 255 242 165  66 114 242 242 114  66 165 243 255 255 255

255 255 255 243 165  67 115 243 243 115  67 165 243 255 255 255
255 255 255 158  40 104  71 150 150  71 104  38 164 255 255 255
255 255 255 191  52 138 120  86  86 120 138  47 198 255 255 255
243 166 199 138  59 138 126  95  95 126 138  55 144 198 164 243
165  38  47  56 121  83  56 106 106  56  83 119  55  47  38 165
 67 104 138 138  84 114 230 255 255 230 114  83 138 138 104  67
115  71 120 126  56 230 255 255 255 255 230  56 126 120  71 115
243 150  87  95 105 255 255 255 255 255 255 106  95  86 150 243
243 150  87  95 105 255 255 255 255 255 255 106  95  86 150 243
115  71 120 126  56 230 255 255 255 255 230  56 126 120  71 115
 67 104 138 138  84 114 230 255 255 230 114  84 138 138 104  67
165  38  47  55 119  84  56 105 105  56  84 118  53  48  39 165
243 164 198 144  55 138 126  95  95 126 138  51 150 197 161 243
255 255 255 198  47 138 120  87  86 120 138  44 205 255 255 255
255 255 255 163  38 104  71 150 150  71 104  37 168 255 255 255
255 255 255 243 165  67 115 243 243 115  67 165 244 255 255 255
255 255 255 243 165  67 115 243 243 115  67 165 243 255 255 255
255 255 255 158  40 104  71 150 150  71 104  38 164 255 255 255
255 255 255 191  52 138 120  86  86 120 138  47 198 255 255 255
243 166 199 138  59 138 126  95  95 126 138  55 144 198 164 243
165  38  47  56 121  83  56 106 106  56  83 119  55  47  38 165
 67 104 138 138  84 114 230 255 255 230 114  83 138 138 104  67
115  71 120 126  56 230 255 255 255 255 230  56 126 120  71 115
243 150  87  95 105 255 255 255 255 255 255 106  95  86 150 243
243 150  87  95 105 255 255 255 255 255 255 106  95  86 150 243
115  71 120 126  56 230 255 255 255 255 230  56 126 120  71 115
 67 104 138 138  84 114 230 255 255 230 114  84 138 138 104  67
165  38  47  55 119  84  56 105 105  56  84 118  53  48  39 165
243 164 198 144  55 138 126  95  95 126 138  51 150 197 161 243
255 255 255 198  47 138 120  87  86 120 138  44 205 255 255 255
255 255 255 163  38 104  71 150 150  71 104  37 168 255 255 255
255 255 255 243 165  67 115 243 243 115  67 165 244 255 255 255
255 255 255 243 165  67 115 243 243 115  67 165 243 255 255 255
255 255 255 158  40 104  71 150 150  71 104  38 164 255 255 255
255 255 255 191  52 138 120  86  86 120 138  47 198 255 255 255
243 166 199 138  59 138 126  95  95 126 138  55 144 198 164 243
165  38  47  56 121  83  56 106 106  56  83 119  55  47  38 165
 67 104 138 138  84 114 230 255 255 230 114  83 138 138 104  67
115  71 120 126  56 230 255 255 255 255 230  56 126 120  71 115
243 150  87  95 105 255 255 255 255 255 255 106  95  86 150 243
243 150  87  95 105 255 255 255 255 255 255 106  95  86 150 243
115  71 120 126  56 230 255 255 255 255 230  56 126 120  71 115
 67 104 138 138  84 114 230 255 255 230 114  84 138 138 104  67
165  38  47  55 119  84  56 105 105  56  84 118  53  48  39 165
243 164 198 144  55 138 126  95  95 126 138  51 150 197 161 243
255 255 255 198  47 138 120  87  86 120 138  44 205 255 255 255
255 255 255 163  38 104  71 150 150  71 104  37 168 255 255 255
255 255 255 243 165  67 115 243 243 115  67 165 244 255 255 255
